%YAML:1.0
---
body_T_cam0: !!opencv-matrix
   rows: 4
   cols: 4
   dt: d
   data: [ 0., 0., 1., 8.6558099999999999e-02, -1., 0., 0.,
       -1.0895040000000000e-02, 0., -1., 0., -7.3403860000000001e-02, 0.,
       0., 0., 1. ]
